SplitterH.X=897.879944
SplitterH.Y=0.000000
SplitterH.Height=1137.000000
ViewportType3=3
SplitterH.Width=20.000000
CameraSpeedScalar3=1.000000
SplitterV.X=0.000000
SplitterV.Width=1920.000000
CameraSpeedScalar2=1.000000
SplitterV.Y=565.258789
SplitterV.Height=20.000000
PerspectiveCameraRotX2=0.000000
ShowFlag1=31
CameraSpeedSetting0=1
CameraSpeedScalar0=1.000000
GridSize0=10.000000
PerspectiveCameraRotY2=0.000000
PerspectiveCameraLocX0=32.066898
PerspectiveCameraLocY0=23.226954
PerspectiveCameraLocZ0=34.352345
ShowFlag3=31
CameraSpeedSetting2=1
PerspectiveCameraRotX0=0.000000
PerspectiveCameraLocX2=0.000000
PerspectiveCameraRotY0=89.000000
PerspectiveCameraRotZ0=-4070.606689
PerspectiveCameraRotX3=0.000000
CameraSpeedSetting1=1
ShowFlag0=15
bMutiView=0
ViewMode0=7
ViewportType0=0
CameraSpeedScalar1=1.000000
GridSize1=10.000000
PerspectiveCameraRotY3=0.000000
PerspectiveCameraLocX1=-96.477043
ScreenHeight=0
PerspectiveCameraLocY1=54.859791
PerspectiveCameraLocZ1=104.958588
CameraSpeedSetting3=1
ShowFlag2=31
PerspectiveCameraRotX1=0.000000
PerspectiveCameraLocX3=0.000000
PerspectiveCameraRotY1=44.299976
PerspectiveCameraRotZ1=-1102.902710
ViewMode1=7
ViewportType1=0
GridSize2=10.000000
PerspectiveCameraLocY2=0.000000
PerspectiveCameraLocZ2=1.334120
PerspectiveCameraRotZ2=0.000000
ScreenWidth=0
ViewMode2=0
ViewportType2=3
GridSize3=10.000000
PerspectiveCameraLocY3=0.000000
PerspectiveCameraLocZ3=1.334120
PerspectiveCameraRotZ3=0.000000
ViewMode3=0
OrthoZoomSize=10.000000
ActiveViewportIndex=0
OrthoPivotX=-3.150001
OrthoPivotY=-0.650000
OrthoPivotZ=2.549999
