SplitterH.X=619.630737
SplitterH.Y=0.000000
SplitterH.Height=961.000000
ViewportType3=3
SplitterH.Width=20.000000
CameraSpeedScalar3=1.000000
SplitterV.X=0.000000
SplitterV.Width=1325.000000
CameraSpeedScalar2=1.000000
SplitterV.Y=477.760529
SplitterV.Height=20.000000
PerspectiveCameraRotX2=0.000000
ShowFlag1=31
CameraSpeedSetting0=1
CameraSpeedScalar0=1.000000
GridSize0=10.000000
PerspectiveCameraRotY2=0.000000
PerspectiveCameraLocX0=3.369565
PerspectiveCameraLocY0=3.556020
PerspectiveCameraLocZ0=3.810425
ShowFlag3=31
CameraSpeedSetting2=1
PerspectiveCameraRotX0=0.000000
PerspectiveCameraLocX2=0.000000
PerspectiveCameraRotY0=45.200043
PerspectiveCameraRotZ0=-107.600174
PerspectiveCameraRotX3=0.000000
CameraSpeedSetting1=1
ShowFlag0=31
bMutiView=0
ViewMode0=2
ViewportType0=0
CameraSpeedScalar1=1.000000
GridSize1=10.000000
PerspectiveCameraRotY3=0.000000
PerspectiveCameraLocX1=2.238226
ScreenHeight=1
PerspectiveCameraLocY1=11.238903
PerspectiveCameraLocZ1=8.078360
CameraSpeedSetting3=1
ShowFlag2=31
PerspectiveCameraRotX1=0.000000
PerspectiveCameraLocX3=0.000000
PerspectiveCameraRotY1=17.299988
PerspectiveCameraRotZ1=-95.899986
ViewMode1=2
ViewportType1=0
GridSize2=10.000000
PerspectiveCameraLocY2=0.000000
PerspectiveCameraLocZ2=0.000000
PerspectiveCameraRotZ2=0.000000
ScreenWidth=1
ViewMode2=0
ViewportType2=3
GridSize3=10.000000
PerspectiveCameraLocY3=0.000000
PerspectiveCameraLocZ3=0.000000
PerspectiveCameraRotZ3=0.000000
ViewMode3=0
OrthoZoomSize=10.000000
ActiveViewportIndex=1
OrthoPivotX=-3.150001
OrthoPivotY=-0.650000
OrthoPivotZ=2.549999
