SplitterH.X=460.163544
SplitterH.Y=0.000000
SplitterH.Height=961.000000
ViewportType3=3
SplitterH.Width=20.000000
CameraSpeedScalar3=1.000000
SplitterV.X=0.000000
SplitterV.Width=984.000000
CameraSpeedScalar2=1.000000
SplitterV.Y=477.760498
SplitterV.Height=20.000000
PerspectiveCameraRotX2=0.000000
ShowFlag1=31
CameraSpeedSetting0=1
CameraSpeedScalar0=1.000000
GridSize0=10.000000
PerspectiveCameraRotY2=0.000000
PerspectiveCameraLocX0=0.763960
PerspectiveCameraLocY0=11.745358
PerspectiveCameraLocZ0=4.302502
ShowFlag3=31
CameraSpeedSetting2=1
PerspectiveCameraRotX0=0.000000
PerspectiveCameraLocX2=0.000000
PerspectiveCameraRotY0=20.800013
PerspectiveCameraRotZ0=-76.300171
PerspectiveCameraRotX3=0.000000
CameraSpeedSetting1=1
ShowFlag0=31
bMutiView=0
ViewMode0=2
ViewportType0=0
CameraSpeedScalar1=1.000000
GridSize1=10.000000
PerspectiveCameraRotY3=0.000000
PerspectiveCameraLocX1=6.682145
ScreenHeight=0
PerspectiveCameraLocY1=4.296045
PerspectiveCameraLocZ1=3.900256
CameraSpeedSetting3=1
ShowFlag2=31
PerspectiveCameraRotX1=0.000000
PerspectiveCameraLocX3=0.000000
PerspectiveCameraRotY1=31.399971
PerspectiveCameraRotZ1=-134.800003
ViewMode1=2
ViewportType1=0
GridSize2=10.000000
PerspectiveCameraLocY2=0.000000
PerspectiveCameraLocZ2=1.334120
PerspectiveCameraRotZ2=0.000000
ScreenWidth=0
ViewMode2=0
ViewportType2=3
GridSize3=10.000000
PerspectiveCameraLocY3=0.000000
PerspectiveCameraLocZ3=1.334120
PerspectiveCameraRotZ3=0.000000
ViewMode3=0
OrthoZoomSize=10.000000
ActiveViewportIndex=0
OrthoPivotX=-3.150001
OrthoPivotY=-0.650000
OrthoPivotZ=2.549999
